SYMMETRY GATE — selection-only, delivery at parity (f=1.0). 100 worlds, seedBase=20260710.
Both arms: same pool/costs/budget/noise; own noisy eligibility (no oracle gate). Central: value-reader + bounded credit (lambda), even appraisal bandwidth.

=== BASE regime (p=0.35, beta=0.3, tau=0.5) ===
  lam | rho | corrSP(8w diag) |  h  | mean D | med D  |  95% CI          | cell
  0.0 | 0.0 |  0.00  | 1.5 | +0.016 | +0.015 | [+0.013,+0.018]      | D>C
  0.0 | 0.0 |  0.00  | 2.5 | +0.016 | +0.016 | [+0.013,+0.019]      | D>C
  0.0 | 0.0 |  0.00  |   4 | +0.017 | +0.017 | [+0.014,+0.020]      | D>C
  0.0 | 0.5 |  0.30  | 1.5 | +0.016 | +0.015 | [+0.013,+0.018]      | D>C
  0.0 | 0.5 |  0.30  | 2.5 | +0.016 | +0.016 | [+0.013,+0.019]      | D>C
  0.0 | 0.5 |  0.30  |   4 | +0.017 | +0.017 | [+0.014,+0.020]      | D>C
  0.0 | 1.0 |  0.82  | 1.5 | +0.016 | +0.015 | [+0.013,+0.018]      | D>C
  0.0 | 1.0 |  0.82  | 2.5 | +0.016 | +0.016 | [+0.013,+0.019]      | D>C
  0.0 | 1.0 |  0.82  |   4 | +0.017 | +0.017 | [+0.014,+0.020]      | D>C
  0.1 | 0.0 |  0.00  | 1.5 | +0.024 | +0.024 | [+0.021,+0.027]      | D>C
  0.1 | 0.0 |  0.00  | 2.5 | +0.022 | +0.022 | [+0.019,+0.025]      | D>C
  0.1 | 0.0 |  0.00  |   4 | +0.020 | +0.021 | [+0.017,+0.023]      | D>C
  0.1 | 0.5 |  0.30  | 1.5 | +0.018 | +0.018 | [+0.015,+0.020]      | D>C
  0.1 | 0.5 |  0.30  | 2.5 | +0.017 | +0.017 | [+0.015,+0.019]      | D>C
  0.1 | 0.5 |  0.30  |   4 | +0.018 | +0.017 | [+0.014,+0.020]      | D>C
  0.1 | 1.0 |  0.82  | 1.5 | +0.010 | +0.010 | [+0.008,+0.012]      | D>C
  0.1 | 1.0 |  0.82  | 2.5 | +0.010 | +0.010 | [+0.008,+0.012]      | D>C
  0.1 | 1.0 |  0.82  |   4 | +0.012 | +0.011 | [+0.009,+0.015]      | D>C
  0.2 | 0.0 |  0.00  | 1.5 | +0.036 | +0.034 | [+0.033,+0.039]      | D>C
  0.2 | 0.0 |  0.00  | 2.5 | +0.030 | +0.029 | [+0.026,+0.033]      | D>C
  0.2 | 0.0 |  0.00  |   4 | +0.025 | +0.024 | [+0.021,+0.027]      | D>C
  0.2 | 0.5 |  0.30  | 1.5 | +0.025 | +0.024 | [+0.022,+0.027]      | D>C
  0.2 | 0.5 |  0.30  | 2.5 | +0.023 | +0.023 | [+0.019,+0.025]      | D>C
  0.2 | 0.5 |  0.30  |   4 | +0.020 | +0.020 | [+0.017,+0.023]      | D>C
  0.2 | 1.0 |  0.82  | 1.5 | +0.009 | +0.009 | [+0.007,+0.011]      | D>C
  0.2 | 1.0 |  0.82  | 2.5 | +0.010 | +0.009 | [+0.007,+0.012]      | D>C
  0.2 | 1.0 |  0.82  |   4 | +0.012 | +0.012 | [+0.009,+0.014]      | D>C
  0.3 | 0.0 |  0.00  | 1.5 | +0.048 | +0.045 | [+0.044,+0.051]      | D>C
  0.3 | 0.0 |  0.00  | 2.5 | +0.038 | +0.037 | [+0.034,+0.041]      | D>C
  0.3 | 0.0 |  0.00  |   4 | +0.028 | +0.028 | [+0.024,+0.031]      | D>C
  0.3 | 0.5 |  0.30  | 1.5 | +0.032 | +0.030 | [+0.029,+0.034]      | D>C
  0.3 | 0.5 |  0.30  | 2.5 | +0.027 | +0.027 | [+0.024,+0.030]      | D>C
  0.3 | 0.5 |  0.30  |   4 | +0.023 | +0.023 | [+0.020,+0.026]      | D>C
  0.3 | 1.0 |  0.82  | 1.5 | +0.009 | +0.010 | [+0.007,+0.011]      | D>C
  0.3 | 1.0 |  0.82  | 2.5 | +0.010 | +0.010 | [+0.007,+0.012]      | D>C
  0.3 | 1.0 |  0.82  |   4 | +0.012 | +0.012 | [+0.009,+0.015]      | D>C

=== MATCHED-BUDGET LOW-INFO STRESS regime (p=0.15, beta=0.6, tau=1) ===
  lam | rho | corrSP(8w diag) |  h  | mean D | med D  |  95% CI          | cell
  0.0 | 0.0 |  0.00  | 1.5 | +0.086 | +0.082 | [+0.078,+0.093]      | D>C
  0.0 | 0.0 |  0.00  | 2.5 | +0.089 | +0.085 | [+0.080,+0.095]      | D>C
  0.0 | 0.0 |  0.00  |   4 | +0.093 | +0.088 | [+0.084,+0.100]      | D>C
  0.0 | 0.5 |  0.30  | 1.5 | +0.086 | +0.082 | [+0.078,+0.093]      | D>C
  0.0 | 0.5 |  0.30  | 2.5 | +0.089 | +0.085 | [+0.080,+0.095]      | D>C
  0.0 | 0.5 |  0.30  |   4 | +0.093 | +0.088 | [+0.084,+0.100]      | D>C
  0.0 | 1.0 |  0.82  | 1.5 | +0.086 | +0.082 | [+0.078,+0.093]      | D>C
  0.0 | 1.0 |  0.82  | 2.5 | +0.089 | +0.085 | [+0.080,+0.095]      | D>C
  0.0 | 1.0 |  0.82  |   4 | +0.093 | +0.088 | [+0.084,+0.100]      | D>C
  0.1 | 0.0 |  0.00  | 1.5 | +0.094 | +0.090 | [+0.086,+0.101]      | D>C
  0.1 | 0.0 |  0.00  | 2.5 | +0.094 | +0.090 | [+0.085,+0.101]      | D>C
  0.1 | 0.0 |  0.00  |   4 | +0.096 | +0.091 | [+0.087,+0.103]      | D>C
  0.1 | 0.5 |  0.30  | 1.5 | +0.085 | +0.078 | [+0.076,+0.091]      | D>C
  0.1 | 0.5 |  0.30  | 2.5 | +0.087 | +0.079 | [+0.078,+0.094]      | D>C
  0.1 | 0.5 |  0.30  |   4 | +0.092 | +0.088 | [+0.082,+0.098]      | D>C
  0.1 | 1.0 |  0.82  | 1.5 | +0.074 | +0.070 | [+0.066,+0.080]      | D>C
  0.1 | 1.0 |  0.82  | 2.5 | +0.077 | +0.073 | [+0.069,+0.084]      | D>C
  0.1 | 1.0 |  0.82  |   4 | +0.084 | +0.082 | [+0.075,+0.091]      | D>C
  0.2 | 0.0 |  0.00  | 1.5 | +0.104 | +0.100 | [+0.095,+0.111]      | D>C
  0.2 | 0.0 |  0.00  | 2.5 | +0.101 | +0.096 | [+0.092,+0.108]      | D>C
  0.2 | 0.0 |  0.00  |   4 | +0.100 | +0.095 | [+0.091,+0.107]      | D>C
  0.2 | 0.5 |  0.30  | 1.5 | +0.089 | +0.082 | [+0.080,+0.095]      | D>C
  0.2 | 0.5 |  0.30  | 2.5 | +0.090 | +0.085 | [+0.081,+0.097]      | D>C
  0.2 | 0.5 |  0.30  |   4 | +0.093 | +0.090 | [+0.083,+0.100]      | D>C
  0.2 | 1.0 |  0.82  | 1.5 | +0.070 | +0.068 | [+0.062,+0.076]      | D>C
  0.2 | 1.0 |  0.82  | 2.5 | +0.074 | +0.070 | [+0.066,+0.081]      | D>C
  0.2 | 1.0 |  0.82  |   4 | +0.083 | +0.081 | [+0.073,+0.090]      | D>C
  0.3 | 0.0 |  0.00  | 1.5 | +0.113 | +0.109 | [+0.104,+0.121]      | D>C
  0.3 | 0.0 |  0.00  | 2.5 | +0.108 | +0.104 | [+0.099,+0.115]      | D>C
  0.3 | 0.0 |  0.00  |   4 | +0.103 | +0.096 | [+0.094,+0.110]      | D>C
  0.3 | 0.5 |  0.30  | 1.5 | +0.093 | +0.086 | [+0.085,+0.100]      | D>C
  0.3 | 0.5 |  0.30  | 2.5 | +0.094 | +0.086 | [+0.085,+0.100]      | D>C
  0.3 | 0.5 |  0.30  |   4 | +0.095 | +0.091 | [+0.086,+0.102]      | D>C
  0.3 | 1.0 |  0.82  | 1.5 | +0.068 | +0.066 | [+0.060,+0.074]      | D>C
  0.3 | 1.0 |  0.82  | 2.5 | +0.073 | +0.068 | [+0.064,+0.080]      | D>C
  0.3 | 1.0 |  0.82  |   4 | +0.082 | +0.082 | [+0.073,+0.089]      | D>C

================ PRE-REGISTERED GATE ================
Primary domain: baseline, lambda in {.1,.2,.3}, rho in {0,.5}, h in {1.5,2.5,4} = 18 cells.
  [C1] cells with mean Delta>0:  18/18   (need >=15)      -> PASS
  [C2] pooled median Delta:      0.025        (need >=0.05)    -> FAIL
  [C3] pooled 95% lower bound:   0.025        (need >0)        -> PASS
  [C4] matched-budget low-info stress median Delta: 0.092   (need >=0)       -> PASS
  ----------------------------------------------------------------
  VERDICT: *** NO-GO ***  (positive in all 18 cells but small: does NOT clear the pre-registered 0.05 rebuild gate -> architecture/mechanism paper, path B; the mechanism direction is supported)
  Negative control (lambda=0) pooled median Delta: 0.016  (<=0.05, ok)
=====================================================
